Messi s 3000 1 99 99 100 100
Pele s 2950 0 99 99 98 100
Zidane s 2900 0 96 98 100 100
Ronaldo s 2850 0 98 100 94 95
Mbappe s 2800 0 99 95 96 98
Halland s 2750 0 96 100 94 92
Kaka s 2700 0 98 94 94 92
Neimar s 2650 0 96 92 94 99
Drogba s 2600 0 95 94 90 90
Henry s 2550 1 92 96 96 93
Benzema s 2500 1 94 94 90 90
Salah s 2450 1 96 90 90 92
Rooney s 2400 0 92 94 90 88
Kane s 2350 0 88 92 90 90
Son s 2300 0 90 90 90 90
Hazard s 2250 0 90 88 86 90
Bale s 2200 0 90 84 86 86
Mane s 2150 0 88 87 85 84
Firmino s 2100 0 82 84 90 84
Sane s 2050 0 84 82 82 80
Maldini d 2000 1 98 99 99 99
Lahm d 1950 0 99 97 97 99
Puyol d 1900 0 98 99 96 96
Ramos d 1850 0 98 97 97 98
Nesta d 1800 0 96 98 94 96
Walker d 1750 0 96 95 95 94
Pique d 1700 0 96 94 92 93
Hakimi d 1650 0 94 94 92 92
Alaba d 1600 0 95 92 93 92
Hummels d 1550 0 90 93 92 93
Arnold d 1500 1 90 94 88 90
Rio d 1450 1 93 88 92 90
Stones d 1400 0 90 92 86 89
Robertson d 1350 1 90 88 86 86
Romero d 1300 0 84 90 84 85
Laporte d 1250 0 84 88 85 82
Theo d 1200 0 86 82 83 85
Cancelo d 1150 0 84 82 85 80
Nacho d 1100 1 80 84 83 83
Trippier d 1050 0 84 80 80 82
Neuer g 1000 0 98 97 98 99
Casillas g 950 0 96 99 95 94
Courtois g 900 0 96 92 95 94
Yashid g 850 0 94 92 91 92
Alison g 800 0 94 91 90 90
Cech g 750 0 90 92 90 90
Navas g 700 0 92 88 89 89
Oblak g 650 0 91 84 86 92
Pickford g 600 0 88 90 82 88
Edison g 550 1 86 88 80 84
